world 188.0
navmesh archplex-nav
dock 0 -142.637069702 0.0254564285278 1.09154129028
dock 1 142.672653198 0.0599699020386 1.09154129028
dock 2 -0.183012127876 138.134796143 1.09154129028
dock 3 0.00293123722076 -133.504104614 1.09154129028
teams 4
geometry-scenery archplex 0.0 0.0 0.0
skybox skybox1/skybox
sound ambient-windy.ogg 0.20000000298
light all ambient AmbientLight 0.5 0.5 0.5
light all point PointLight 0.0 0.0 6.0 0.400000023842 0.600000011921 0.8 0.0 0.0 0.001
light all directional Light1 1.10000002384 1.0 0.900000095367 0.0 -95.0 0.0 shadow
physicsentity block1 39.5583343506 27.6288261414 20.7110900879 151.890197754 -7.49104970055e-07 -1.01303136546e-07
physicsentity block1 -67.1885910034 -4.1499786377 -2.30189442635 0.0 0.0 0.0
physicsentity block1 29.7438697815 -34.7801361084 20.7110900879 -81.1721725464 -2.89245190288e-06 -3.44796376339e-07
physicsentity block 44.1588859558 44.755657196 -0.848893642426 45.2427978516 0.0 0.0
physicsentity bone -24.5533428192 33.0120010376 22.5640907288 23.9402294159 -1.31710930873e-06 3.48777611237e-08
physicsentity pillar -93.1269073486 51.9348182678 9.36178970337 0.0 0.0 0.0
physicsentity block1 53.0690956116 0.146731376648 -2.30189824104 21.015455246 0.0 0.0
physicsentity bone -98.7596969604 -55.5537414551 -0.44889831543 -104.380195618 0.0 0.0
physicsentity block 45.1706085205 44.671749115 -3.24889349937 1.80172073841 0.0 0.0
physicsentity pillar 92.3695220947 -52.2851333618 9.36178970337 0.0 0.0 0.0
physicsentity bone 97.6064300537 45.7975349426 -0.44889831543 -9.55822086334 0.0 0.0
physicsentity block1 -21.0017032623 62.8364219666 -2.30189442635 -89.1805725098 0.0 0.0
physicsentity block1 -12.4907121658 65.8971633911 -2.30189442635 -42.0846633911 0.0 0.0
physicsentity pillar 18.8769760132 123.3048172 7.59154129028 0.0 0.0 0.0
physicsentity block 12.6765441895 -68.7173309326 -3.24889063835 146.730514526 0.0 0.0
physicsentity block 63.7010803223 -2.30021858215 -3.24889445305 -121.716461182 0.0 0.0
physicsentity block 4.99411201477 -53.5686416626 -3.24889826775 -133.735748291 0.0 0.0
physicsentity block -27.0217418671 18.8778572083 -3.24889445305 106.115608215 0.0 0.0
physicsentity block1 -66.6598968506 -2.84533309937 1.99210500717 -37.5314407349 0.0 0.0
physicsentity block -22.9698371887 -13.8861303329 -3.24889445305 52.5549697876 0.0 0.0
physicsentity pillar -21.8482398987 -117.933151245 7.59154129028 0.0 0.0 0.0
spawnpoint 15.5299787521 -14.8071203232 18.5640907288 -135.057785034 -7.52098094381e-06 -1.1107846376e-06
spawnpoint -14.9620447159 15.1525621414 18.5640907288 47.1838493347 3.2373054637e-06 1.08275253297e-06
spawnpoint 0.142015457153 0.409927845001 -7.9893283844 -43.5117454529 0.0 0.0
