world 75.0
navmesh arena-nav
dock 0 24.4895915985 -24.4522151947 -5.65908432007
dock 2 -38.4827690125 -38.5462303162 -5.52383899689
dock 1 38.0782203674 38.432182312 -5.52383899689
dock 3 -24.8950405121 24.4187049866 -5.65908527374
teams 4
geometry-scenery arena-geometry-scenery 0.0 0.0 0.0
geometry arena-geometry 0.0 0.0 0.0
skybox skybox2/skybox
sound ambient-cavern.ogg 0.20000000298
light all ambient AmbientLight 0.300000011921 0.300000011921 0.300000011921
light all directional Light1 0.800000011921 0.699999988079 0.600000023842 0.0 -120.0 0.0 shadow
light all directional Light2 0.300000011921 0.40000000596 0.5 0.0 60.0 0.0
scenery arena-scenery 0.0 0.0 0.0
physicsentity block 26.4981269836 3.57249879837 -6.4590845108 71.0595779419 9.93923349559e-17 -3.14973513937e-09
physicsentity block -2.28943634033 7.040974617 -6.45908641815 79.151008606 -9.93923349559e-17 -3.14973491733e-09
physicsentity block1 -29.7182559967 -11.9519691467 7.36991357803 9.63016986847 0.0 0.0
physicsentity block1 6.09929084778 16.5017337799 -5.5120844841 0.0 0.0 0.0
physicsentity block 2.34105873108 1.45648956299 -6.4590845108 91.5714569092 0.0 -3.14973558346e-09
physicsentity block1 43.6911468506 20.3209266663 -5.5120844841 168.747329712 0.0 -3.14973491733e-09
physicsentity ball -7.7299156189 -18.6785736084 -5.65908432007 0.0 0.0 0.0
physicsentity block1 6.19200515747 16.2742729187 3.07591414452 0.0 0.0 0.0
physicsentity block1 0.989255428314 -43.1906013489 -5.5120844841 -57.4492340088 0.0 -1.94383389385e-08
physicsentity block -45.8075332642 16.7180652618 -6.4590845108 -149.852600098 0.0 -1.94383389385e-08
physicsentity block -1.95258331299 -12.3819541931 -6.45908641815 37.9524421692 1.19270804594e-15 -1.94383389385e-08
physicsentity block 2.32782006264 -0.0374496877193 -4.0590839386 150.013137817 0.0 0.0
physicsentity block -5.84817695618 36.2132606506 -6.4590845108 72.2005310059 0.0 -3.14973469528e-09
physicsentity ball -7.75192832947 14.4209785461 -5.65908432007 0.0 0.0 0.0
physicsentity block 22.3696861267 26.7071743011 -6.4590845108 -25.2338352203 0.0 -3.14973491733e-09
physicsentity ball 4.79705810547 -20.2846946716 -5.65908050537 -159.984283447 -1.98784669912e-16 -1.94383407148e-08
physicsentity block -45.2872428894 -11.3509922028 -6.45908546448 -18.7369651794 0.0 -1.94383389385e-08
physicsentity block1 -12.6763267517 -3.94886779785 -5.5120844841 0.0 0.0 0.0
physicsentity block1 -12.1296787262 -4.10903167725 -1.21808326244 141.954360962 0.0 0.0
physicsentity block -36.1138496399 0.966891050339 -6.45908641815 -126.309448242 -2.38541609188e-15 -1.94383442675e-08
physicsentity block -22.7185306549 4.87303590775 -6.4590845108 111.229240417 -7.95138679647e-16 -1.94383424912e-08
physicsentity block1 -29.7483978271 -11.7934026718 3.07591414452 12.2672786713 0.0 0.0
physicsentity block -9.0040397644 21.4960136414 -6.45908641815 -121.612472534 0.0 -3.14973491733e-09
physicsentity ball -22.1162185669 -4.29580688477 -5.65908432007 0.0 0.0 0.0
physicsentity block1 42.8612365723 -14.7105875015 -1.21808516979 101.877037048 0.0 0.0
physicsentity block 7.66678619385 -7.92884016037 -6.45908641815 -19.2235507965 -9.93923389264e-16 -1.94383336094e-08
physicsentity block1 6.33128929138 16.3412151337 7.36991548538 0.0 0.0 0.0
physicsentity block1 -29.6556854248 -11.9482574463 -5.5120844841 14.2602376938 0.0 -1.94383442675e-08
physicsentity block1 6.3153629303 16.3308010101 -1.21808516979 0.0 0.0 0.0
physicsentity block1 -29.758556366 -11.7256650925 -1.21808516979 12.6972303391 0.0 0.0
physicsentity block 0.801090240479 -29.0447425842 -6.45908641815 -104.876235962 7.95138679647e-16 -1.94383442675e-08
physicsentity block -20.6567764282 -25.8086643219 -6.4590845108 -6.05680084229 -9.93923349559e-17 -1.94383389385e-08
physicsentity ball 15.4125823975 8.78976821899 -5.65908622742 140.531616211 -9.93923349559e-17 -3.14973469528e-09
physicsentity block 5.04629325867 31.4330348969 -6.4590845108 -107.000923157 0.0 -3.14973447324e-09
physicsentity block1 43.8359832764 -14.3752288818 -5.5120844841 42.7488594055 9.93923349559e-17 -3.14973558346e-09
spawnpoint 68.0101470947 -2.08658766747 -7.65908527374 -180.0 0.0 0.0
spawnpoint -2.26030540466 -62.2639083862 -7.65908527374 90.0 0.0 0.0
spawnpoint -68.673614502 1.15950298309 -7.65908622742 0.0 0.0 0.0
spawnpoint 1.198543787 66.8063049316 -7.65908432007 -90.0 0.0 0.0
