world 120.0
navmesh arena-nav
survival
geometry-scenery arena-geometry-scenery 0.0 0.0 0.0
geometry arena-geometry 0.0 0.0 0.0
skybox skybox2/skybox
sound ambient-cavern.ogg 0.20000000298
light all ambient AmbientLight 0.300000011921 0.300000011921 0.300000011921
light all directional Light1 0.800000011921 0.699999988079 0.600000023842 0.0 -100.0 0.0 shadow
scenery arena-scenery 0.0 0.0 0.0
physicsentity block 52.0760116577 -9.0442276001 -6.4142999649 23.2078056335 0.0 0.0
physicsentity pillar -11.7423057556 -8.76399993896 0.88570022583 0.0 0.0 0.0
physicsentity block1 35.6337432861 5.50770950317 -5.46729946136 163.697937012 0.0 0.0
physicsentity ball -67.1616439819 -31.34790802 -5.61429977417 0.0 0.0 0.0
physicsentity pillar 4.76258468628 -6.33062076569 0.88570022583 0.0 0.0 0.0
physicsentity block -56.1988677979 28.2800655365 -6.4142999649 -153.708190918 0.0 0.0
physicsentity bone 0.641952514648 -53.9760894775 -3.61429595947 129.771881104 0.0 0.0
physicsentity ball 57.3036422729 13.5439624786 -5.61429977417 0.0 0.0 0.0
physicsentity bone -41.943775177 -0.844039916992 -3.61429977417 -139.141220093 0.0 0.0
physicsentity ball -21.0080604553 -39.9866333008 -5.61429595947 0.0 0.0 0.0
physicsentity ball -48.244354248 60.2629165649 -5.61429786682 0.0 0.0 0.0
physicsentity bone 43.6538238525 50.1331253052 -3.61429977417 178.404556274 0.0 0.0
physicsentity pillar -4.58285522461 4.47415542603 0.885704040527 0.0 0.0 0.0
physicsentity block 4.22460746765 42.9048271179 -6.41429805756 118.916366577 0.0 0.0
physicsentity ball 32.6417732239 -42.4992370605 -5.61429977417 0.0 0.0 0.0
physicsentity block 53.8520126343 -28.5638618469 -6.4142999649 -33.4666481018 0.0 0.0
physicsentity block1 -2.48250794411 -23.9995708466 -5.46729946136 177.836044312 0.0 0.0
physicsentity ball -21.5845031738 64.1920547485 -5.61429786682 0.0 0.0 0.0
physicsentity block1 -17.6170539856 4.78301620483 -5.46729946136 50.4844894409 0.0 0.0
physicsentity block 3.38453125954 42.9290237427 -4.0142993927 77.0614013672 0.0 0.0
physicsentity block1 34.2740821838 5.48785686493 -1.17330002785 -169.903564453 0.0 0.0
physicsentity block1 -37.4767456055 -47.0150985718 -5.46729946136 -161.261779785 0.0 0.0
spawnpoint -4.67160892487 -4.70149517059 -7.6142988205 0.0 0.0 0.0
spawnpoint -91.1295928955 -0.204796791077 -7.6142988205 0.0 0.0 0.0
spawnpoint 90.0952301025 -0.162257313728 -7.61429977417 0.0 0.0 0.0
spawnpoint 0.150321304798 90.6459197998 -7.61429977417 0.0 0.0 0.0
spawnpoint -0.0986289978027 -91.7189559937 -7.61429977417 0.0 0.0 0.0
