world 125.0
navmesh concept1-nav
dock 0 -63.7972564697 60.2347869873 5.58313560486
dock 1 -6.41475868225 -64.5416259766 -16.0168609619
teams 2
geometry-scenery concept1 0.0 0.0 0.0
skybox skybox2/skybox
sound ambient-windy.ogg 0.5
light all ambient AmbientLight 0.5 0.5 0.5
light all directional Light1 1.0 0.899999976158 0.800000011921 0.0 -140.0 0.0 shadow
light all directional Light2 0.300000011921 0.40000000596 0.5 0.0 60.0 0.0
physicsentity block1 -17.9779338837 -8.62432003021 5.7338476181 0.0 0.0 0.0
physicsentity block1 21.2492027283 47.4190406799 -11.5019426346 0.0 0.0 -1.72675129306e-06
physicsentity block1 43.955947876 63.5621910095 -11.4899969101 -1.01004003451e-21 -3.1310028703e-07 -1.45033266108e-06
physicsentity block1 48.2434501648 54.9697036743 -11.4899959564 -1.01004003451e-21 -3.1310028703e-07 -1.45033266108e-06
physicsentity block1 48.298324585 -52.5620727539 -11.4899969101 92.6098632813 4.06832659792e-05 2.5784218451e-05
physicsentity block1 21.2167224884 47.4571228027 -15.7959432602 -1.05018212413e-22 2.21305000991e-07 -1.72675129306e-06
physicsentity block1 -6.15749359131 1.0411605835 -5.04300689697 0.0 0.0 0.0
physicsentity block1 -22.3098964691 -8.63842964172 5.7338476181 0.0 0.0 0.0
physicsentity block1 48.2145004272 59.3633460999 -11.4899959564 -1.01004003451e-21 -3.1310028703e-07 -1.45033266108e-06
physicsentity block1 -22.2894172668 -4.26002597809 5.7338476181 0.0 0.0 0.0
physicsentity block1 24.8501911163 -3.44367790222 -9.33700847626 0.0 0.0 0.0
physicsentity block1 38.2995834351 4.49285507202 5.73384571075 0.0 0.0 0.0
physicsentity block1 -22.3657188416 -8.64356708527 10.0278482437 0.0 0.0 0.0
physicsentity block1 -10.4755754471 0.911451339722 -9.33700752258 1.03591115704e-23 5.33350032583e-07 -6.44613962208e-08
physicsentity block1 43.9004554749 59.3509292603 -11.4899950027 -1.01004003451e-21 -3.1310028703e-07 -1.45033266108e-06
physicsentity block1 48.2319602966 59.3747024536 -7.19599533081 0.0 0.0 -1.45033266108e-06
physicsentity block1 43.9393920898 59.3480987549 -7.19599533081 0.0 0.0 -1.45033266108e-06
physicsentity block1 57.8815345764 -48.5921173096 -11.4899950027 71.0991668701 4.06832659792e-05 2.5784218451e-05
physicsentity block1 38.226726532 0.0869230628014 5.73384666443 0.0 0.0 0.0
physicsentity block1 29.2493438721 -3.41458511353 -5.04300785065 0.0 0.0 0.0
physicsentity block1 29.2694625854 -3.41386985779 -9.33700847626 0.0 0.0 0.0
physicsentity block1 -67.2154083252 26.2323055267 5.73385334015 -3.74140227557e-19 -2.23567039939e-05 -2.20511428779e-05
physicsentity block1 79.5550460815 -70.8155288696 2.50436663628 38.2691879272 0.0 0.0
physicsentity block1 24.8037910461 -3.50656318665 -5.04300785065 0.0 0.0 0.0
physicsentity block1 -10.5072050095 0.899781227112 -5.04300785065 0.0 0.0 0.0
physicsentity block1 -66.8954925537 42.3154792786 5.73385334015 9.90432380479e-21 1.11823010229e-05 -3.81410450245e-06
physicsentity block1 -6.12426233292 0.998948097229 -9.33700752258 1.03591115704e-23 5.33350032583e-07 -6.44613962208e-08
physicsentity block1 38.3318786621 4.45964336395 10.0278453827 0.0 0.0 0.0
glass 17.1677069664 17.1596441269 -7.08098697662 -2.16626405716 3.65155220032 0.0 90.0 0.0
glass 8.58630275726 21.4680643082 10.1047801971 -2.17912149429 1.53320550919 0.0 90.0 0.0
glass 17.1800084114 17.1628217697 -7.0736618042 -2.1925406456 1.53127741814 0.0 90.0 0.0
glass 17.0847072601 17.1812038422 27.3298530579 -2.18334960938 1.53537321091 0.0 90.0 0.0
glass 8.58879804611 21.4753503799 10.1060276031 -2.18276548386 5.79028606415 0.0 90.0 0.0
glass 17.178024292 17.1977386475 27.2896957397 -2.16854000092 3.64874792099 0.0 90.0 0.0
spawnpoint 47.998260498 -15.3278598785 3.58313369751 90.0 0.0 0.0
spawnpoint -29.1018829346 11.78764534 3.58313560486 -90.0 0.0 0.0
