world 150.0
navmesh cross-section-nav
survival
geometry-scenery cross-section 0.0 0.0 0.0
skybox skybox3/skybox
sound ambient-windy.ogg 0.699999988079
light all ambient AmbientLight 0.300000011921 0.300000011921 0.300000011921
light all directional Light1 0.800000011921 0.699999988079 0.600000023842 0.0 -120.0 0.0 shadow
physicsentity block1 39.0502548218 95.4095230103 2.14700007439 126.464355469 0.0 0.0
physicsentity block -80.0339202881 -34.5949211121 1.20000004768 51.5085601807 0.0 0.0
physicsentity pillar 94.3935012817 42.7555389404 8.5 0.0 0.0 0.0
physicsentity bone 90.6341247559 -35.289894104 4.0 -163.358047485 0.0 0.0
physicsentity bone -48.1507453918 94.6716079712 4.0 -85.0011978149 0.0 0.0
physicsentity block1 -85.4219818115 30.8596839905 2.14699625969 -161.56048584 0.0 0.0
physicsentity block1 -32.4083824158 -24.1897525787 7.4784154892 152.297225952 0.0 0.0
physicsentity block -94.1660614014 -48.7319641113 1.20000004768 -160.958267212 0.0 0.0
physicsentity block1 -0.16481590271 -33.130317688 7.4784154892 140.426361084 0.0 0.0
physicsentity ball -5.4129447937 31.3009357452 7.33141136169 -47.2579612732 -3.27933958033e-06 9.23243277384e-08
physicsentity block 10.7969322205 33.0845108032 6.53141117096 -124.738342285 -3.27933958033e-06 -9.23243277384e-08
physicsentity block1 47.4158630371 -91.484664917 2.14700007439 66.5436477661 0.0 0.0
physicsentity ball -0.026273727417 -0.0242500305176 28.202960968 -1.13075452646e-06 -19.4682636261 -15.5249500275
physicsentity block 31.8704891205 -88.9388885498 1.20000004768 22.205078125 0.0 0.0
physicsentity block1 49.1521949768 90.9885635376 2.14700007439 -82.5910568237 0.0 0.0
physicsentity ball 31.4913673401 -12.4109687805 7.33141517639 150.825302124 -4.84820566271e-06 2.11344559631e-08
physicsentity block 32.2318344116 3.76008224487 6.53141212463 -111.679481506 -1.64609411968e-06 2.11344559631e-08
physicsentity bone -35.9304084778 -89.9572753906 4.0 -38.7997016907 0.0 0.0
spawnpoint 0.0428924560547 -0.0201873779297 17.6772842407 0.0 0.0 0.0
spawnpoint -83.1443099976 81.8144989014 0.0 0.0 0.0 0.0
spawnpoint -82.0576324463 -82.1860961914 0.0 0.0 0.0 0.0
spawnpoint 82.9927825928 -83.3795700073 0.0 0.0 0.0 0.0
spawnpoint 81.6841888428 82.0763168335 0.0 0.0 0.0 0.0
spawnpoint 0.299483299255 43.6301651001 17.327091217 0.0 -7.37010304874e-06 -5.39675102118e-06
spawnpoint -0.0965557098389 -42.9355621338 17.3270969391 0.0 -2.82300050003e-07 2.66210668087e-06
