world 150.0
navmesh cross-section-nav
dock 0 -80.7526550293 -80.8212738037 2.0
dock 1 81.2382583618 80.7982559204 2.0
dock 2 80.6147384644 -80.7028961182 2.0000038147
dock 3 -81.1409912109 80.9683685303 2.0
teams 2 2
geometry-scenery cross-section 0.0 0.0 0.0
skybox skybox3/skybox
sound ambient-windy.ogg 0.699999988079
light all ambient AmbientLight 0.300000011921 0.300000011921 0.300000011921
light all directional Light1 0.800000011921 0.699999988079 0.600000023842 0.0 -120.0 0.0 shadow
physicsentity block1 -0.16481590271 -33.130317688 7.4784154892 140.426361084 0.0 0.0
physicsentity bone 90.6341247559 -35.289894104 4.0 -163.358047485 0.0 0.0
physicsentity block1 -32.4083824158 -24.1897525787 7.4784154892 152.297225952 0.0 0.0
physicsentity bone -35.9304084778 -89.9572753906 4.0 -38.7997016907 0.0 0.0
physicsentity block 32.2318344116 3.76008224487 6.53141212463 -111.679489136 -1.64609423337e-06 2.11345145829e-08
physicsentity block 10.7969322205 33.0845108032 6.53141117096 -124.738342285 -3.2793398077e-06 -9.23243419493e-08
physicsentity block -80.0339202881 -34.5949211121 1.20000004768 51.5085601807 0.0 0.0
physicsentity ball 31.4913673401 -12.4109687805 7.33141517639 150.825302124 -4.84820566271e-06 2.11345128065e-08
physicsentity block1 47.4158630371 -91.484664917 2.14700007439 66.5436477661 0.0 0.0
physicsentity block -94.1660614014 -48.7319641113 1.20000004768 -160.958267212 0.0 0.0
physicsentity block1 39.0502548218 95.4095230103 2.14700007439 126.464355469 0.0 0.0
physicsentity ball -5.4129447937 31.3009357452 7.33141136169 -47.2579612732 -3.2793398077e-06 9.23243419493e-08
physicsentity block1 49.1521949768 90.9885635376 2.14700007439 -82.5910491943 0.0 0.0
physicsentity block 31.8704891205 -88.9388885498 1.20000004768 22.2050762177 0.0 0.0
physicsentity bone -48.1507453918 94.6716079712 4.0 -85.0011978149 0.0 0.0
physicsentity block1 -85.4219818115 30.8596839905 2.14699625969 -161.56048584 0.0 0.0
physicsentity ball -0.026273727417 -0.0242500305176 28.202960968 -5.12388623974e-07 -19.4682617188 -15.5249481201
physicsentity pillar 94.3935012817 42.7555389404 8.5 0.0 0.0 0.0
spawnpoint -43.5210990906 0.591458320618 17.3270931244 0.0 -5.0886601457e-06 2.37540325543e-06
spawnpoint -0.18366587162 -43.5199317932 17.3270969391 0.0 -2.82300050003e-07 2.66210668087e-06
spawnpoint 43.6315765381 -0.268789768219 17.327091217 0.0 -5.08866469318e-06 -1.78933044026e-06
spawnpoint 0.115447252989 43.227684021 17.327091217 0.0 -7.37010304874e-06 -5.39675102118e-06
