world 130.0
navmesh gold-nav
survival
geometry-scenery gold 0.0 0.0 0.0
skybox skybox2/skybox
sound ambient-cavern.ogg 0.20000000298
light all ambient AmbientLight 0.5 0.5 0.5
light all directional Light1 1.10000002384 1.0 0.900000095367 0.0 -95.0 0.0 shadow
scenery gold-scenery 0.0 0.0 0.0
physicsentity block1 -58.2535247803 28.6549625397 4.03678607941 -33.0684928894 5.09373921886e-06 -5.00522645552e-09
physicsentity pillar 56.3721542358 15.9438285828 10.3897857666 -6.47225583968e-24 5.12250153406e-06 -5.00522023827e-09
physicsentity pillar -57.7520828247 16.5775489807 10.3897819519 1.88501658073e-23 5.09373921886e-06 -5.00522023827e-09
physicsentity block1 15.786895752 50.4109153748 8.33078575134 80.862991333 -4.14651003666e-06 2.95848394671e-06
physicsentity block1 12.5882663727 -44.4292755127 4.03677845001 135.53263855 5.12250107931e-06 -5.00522645552e-09
physicsentity block1 15.6845645905 49.3480377197 4.03678607941 144.492614746 5.09373876412e-06 -5.00522645552e-09
physicsentity pillar -58.6397094727 -16.6783256531 10.3897781372 1.88501658073e-23 5.09373921886e-06 -5.00522023827e-09
physicsentity block1 -47.0032348633 -29.8058738708 4.03677845001 7.64431285858 5.09373921886e-06 -5.00520069835e-09
physicsentity block1 59.1089515686 -26.7583274841 4.03677845001 53.1768875122 5.12250107931e-06 -5.00502261858e-09
physicsentity block1 44.0803565979 4.71524715424 4.03678226471 116.353736877 5.12250153406e-06 -5.00522645552e-09
physicsentity pillar 57.655620575 -14.6443481445 10.3897781372 -6.47225583968e-24 5.12250153406e-06 -5.00522023827e-09
physicsentity block1 -10.7397556305 -37.3341369629 4.03677845001 -151.024902344 5.12250107931e-06 -5.00522645552e-09
spawnpoint -0.265489578247 0.0605440437794 4.64613342285 0.0 -3.0481101021e-06 -1.06457441973e-07
spawnpoint -91.4598693848 -60.6220550537 1.88977622986 0.0 5.09772507939e-06 8.01487828994e-07
spawnpoint -92.2607727051 60.3194885254 1.8897857666 0.0 6.81054643792e-06 -1.77724223249e-06
spawnpoint 91.6367263794 60.4641342163 1.88978767395 0.0 5.10629160999e-06 9.00163115602e-07
spawnpoint 91.6735839844 -60.4493255615 1.88977813721 0.0 6.82228483129e-06 -1.62605954301e-06
spawnpoint 8.2806892395 61.3544578552 1.88978767395 0.0 3.39034022545e-06 -3.72845310181e-09
spawnpoint -8.66688919067 -61.5323600769 1.88977718353 0.0 3.40056362802e-06 6.34520480602e-09
