world 140.0
navmesh concept2-nav
dock 0 94.9295806885 0.00526404380798 -10.63376159668
dock 1 -101.378173828 -0.265247344971 -10.63376159668
teams 2
geometry-scenery concept2 0.0 0.0 0.0
sound ambient-windy2.ogg 0.3
skybox skybox1/skybox
light all ambient AmbientLight 0.30000000596 0.30000000596 0.30000000596
light all directional Light1 1.2 1.099999976158 1.000000011921 0.0 -160.0 0.0 shadow
physicsentity block1 18.4749259949 -33.8711471558 8.91526794434 9.34353614444e-13 -9.46237659454 0.000108895634185
physicsentity block1 50.2756156921 -9.52828407288 0.773185908794 3.65771956339e-22 7.49210698814e-07 5.08292657742e-07
physicsentity block1 32.323223114 -6.8452630043 -6.74034261703 -1.0485598727e-21 1.11051360818e-06 -1.96518453777e-06
physicsentity block1 -28.0347557068 -11.752494812 -5.61880350113 0.0 0.0 -26.56508255
physicsentity block1 31.5446357727 -6.3199095726 -2.44634222984 123.54145813 1.11051360818e-06 -1.96518453777e-06
physicsentity block1 18.6530437469 33.1757850647 8.81457901001 -9.54679152572e-13 9.46240520477 0.000109525004518
physicsentity block1 -50.9481315613 9.29710674286 0.773185908794 7.23878582817e-23 -7.49210414597e-07 -9.38650885018e-07
physicsentity block1 12.6089916229 4.00875806808 -4.71315431595 2.55677013713e-14 26.5650520325 3.63821158089e-07
physicsentity block1 31.5867385864 9.40672397614 -6.74034166336 68.5974197388 1.11051338081e-06 -1.12369309591e-06
physicsentity block1 -19.0701217651 33.7899780273 8.91694545746 3.35471396756e-13 9.46240711212 -0.000108664666186
physicsentity block1 10.3501186371 -38.8433799744 -4.51373338699 0.0 0.0 26.5650234222
physicsentity block1 -51.0191383362 -9.3918170929 0.773185670376 3.14036640639e-22 7.49210812501e-07 5.08292714585e-07
physicsentity block1 -5.81010246277 36.4393463135 -3.52492213249 -1.43691929557e-13 26.5648899078 4.50599281976e-06
physicsentity block1 -18.8293800354 -32.6655158997 8.71432876587 -2.04311372508e-12 -9.46240234375 -0.000109234701085
physicsentity block1 50.3445739746 9.36407279968 0.773185431957 -1.48323520666e-22 7.4921030091e-07 9.38650714488e-07
physicsentity block1 4.54855442047 36.3811073303 -3.55404257774 4.47481847854e-14 26.5650272369 7.19097852198e-06
spawnpoint -33.8238296509 18.8866043091 -8.87433242798 -1.19730415284e-21 0 0
spawnpoint 33.5125732422 -18.6479663849 -8.8743314743 -180.0 0 0