world 180.0
navmesh impact-nav
dock 0 -54.6652297974 -130.707275391 -0.737724304199
dock 1 49.2337303162 144.653289795 -0.737701416016
dock 2 52.2978134155 -130.920623779 -0.737724304199
dock 3 -51.5773773193 145.314758301 -0.737699508667
teams 2 2
geometry-scenery impact 0.0 0.0 0.0
skybox skybox1/skybox
sound ambient-windy.ogg 0.699999988079
water -17.7000007629
light all ambient AmbientLight 0.300000011921 0.300000011921 0.300000011921
light all directional Light1 0.800000011921 0.699999988079 0.600000023842 0.0 -120.0 0.0 shadow
physicsentity block1 -2.60931491852 -13.7268848419 7.15634250641 112.728660583 2.00194313038e-06 -2.33004072925e-07
physicsentity block1 -0.0508499145508 47.525428772 -16.0848693848 -139.58555603 3.91910180042e-06 1.05500987502e-07
physicsentity block1 67.2104187012 91.9288711548 -8.3377790451 89.4922637939 6.30905879007e-06 1.35389242928e-07
physicsentity pillar -1.42895507813 -27.2877578735 13.5093421936 2.51159377783e-22 2.04208390642e-06 -2.33003902395e-07
physicsentity block 95.7890930176 54.9511146545 -9.28478717804 -173.68145752 4.15855265601e-06 -8.735744359e-07
physicsentity block -67.675567627 -98.6570663452 -9.28480052948 33.509475708 1.06419365693e-05 2.24984802344e-07
physicsentity block1 5.39092636108 22.3036804199 7.15634441376 -122.264228821 7.89298246673e-06 1.74776829454e-07
physicsentity block 19.3617553711 10.8940544128 -17.0318698883 27.8246517181 3.91910089093e-06 1.0550088092e-07
physicsentity block1 -6.67520141602 11.2583999634 7.15634441376 104.230300903 7.12630571797e-06 -1.74776616291e-07
physicsentity block1 -62.7533798218 108.580345154 -8.3377790451 166.884170532 5.92618198425e-06 -1.35389299771e-07
physicsentity pillar -37.5779495239 6.29668998718 -9.7318687439 1.72853787913e-22 4.64744653073e-06 -1.05501108294e-07
physicsentity block -69.6320724487 -77.5096588135 -9.28479671478 -120.32409668 1.08205977085e-05 2.2498623764e-07
physicsentity block1 -4.18841934204 -30.0559616089 -16.0848751068 -100.046539307 4.64744653073e-06 -1.05500987502e-07
physicsentity pillar 54.2506065369 5.80847930908 -9.73187065125 -9.11541902628e-23 3.91910089093e-06 1.05501108294e-07
physicsentity block -74.7331237793 83.4398574829 -9.28478717804 164.403533936 5.92618289375e-06 1.35389342404e-07
physicsentity block 65.0090179443 -88.6524963379 -9.28479862213 -34.2963943481 1.09340935524e-05 -2.24985413411e-07
physicsentity block1 -36.7919845581 114.317306519 -8.3377828598 135.562713623 5.92618289375e-06 -1.35388830813e-07
physicsentity block1 66.9887695313 92.5184707642 -4.04377937317 50.7774200439 5.59089627927e-08 6.30881049801e-06
physicsentity block -115.734863281 21.1403923035 6.20934200287 -135.561477661 2.57095121015e-06 8.50601168167e-07
physicsentity block 4.77379989624 -22.8063468933 -17.0318698883 -115.193122864 4.64744653073e-06 -1.05500575387e-07
physicsentity pillar -1.59484100342 41.6979560852 13.5093460083 1.9093675178e-21 7.89298428572e-06 1.74776985773e-07
physicsentity block 110.909637451 -30.5892601013 -9.28479480743 66.4234008789 3.99566260967e-06 -8.735744359e-07
physicsentity block1 12.2812023163 42.8798904419 -16.0848693848 -165.82333374 3.91910089093e-06 1.05501186454e-07
spawnpoint 107.536354065 6.7613825798 -10.484790802 0.0 4.15855265601e-06 -8.73574379057e-07
spawnpoint -33.4637870789 36.0708618164 6.56699848175 0.0 8.3400937001e-06 3.52366614342
spawnpoint -89.4797973633 -27.1588497162 -18.2318744659 0.0 4.64744653073e-06 -1.05501108294e-07
