world 100.0
navmesh concept3-nav
dock 0 0.236831665039 -0.232506752014 -4.7048664093
survival
geometry-scenery concept3 0.0 0.0 0.0
sound ambient-spooky.ogg 0.5
skybox skybox3/skybox
water -8
light all ambient AmbientLight 0.100000008941 0.300000008941 0.400000017881
light all directional Light1 0.500000011921 0.799999964237 0.849999976158 -140.0 -150.0 0.0 shadow
light all directional Light2 0.300000011921 0.40000000596 0.5 0.0 60.0 0.0
spawnpoint 84.7706298828 -17.9495811462 -2.23495292664 180.0 0 0
spawnpoint 84.427192688 18.2739601135 -2.23495101929 180.0 0 0
spawnpoint -1.26548099518 83.2484741211 -8.9398059845 -90.0 0 0
spawnpoint 37.7262496948 63.6921310425 -6.70486831665 -90.0 0 0
spawnpoint -39.1616516113 65.6839599609 -6.70486831665 -90.0 0 0
spawnpoint -83.6241149902 18.2487773895 -2.23495101929 0.0 0 0
spawnpoint -85.8385772705 -19.2913379669 -2.23495101929 -1.79757655587e-23 0 0
spawnpoint -33.1597633362 -65.3838272095 -6.70486831665 90.0 0 0
spawnpoint -0.872850358486 -83.7665557861 -8.93980789185 90.0 0 0
spawnpoint 33.7500991821 -68.0784988403 -6.70486831665 90.0 0 0