world 100.0
navmesh concept3-nav
survival
geometry-scenery concept3 0.0 0.0 0.0
skybox skybox3/skybox
sound ambient-spooky.ogg 0.3
water -8.0
light all ambient AmbientLight 0.100000008941 0.300000011921 0.40000000596
light all directional Light1 0.5 0.799999952316 0.849999964237 -140.0 -150.0 0.0 shadow
physicsentity block1 2.67479395866 47.5737380981 4.45296955109 -4.33698529631e-15 -33.6901168823 -1.7536424366e-06
physicsentity block1 -65.2388458252 16.4204387665 -0.0718128681183 -117.130203247 0.0 0.0
physicsentity block1 -6.96439266205 -7.66475868225 6.58462238312 144.431732178 2.73589957942e-05 -2.73589957942e-05
physicsentity block -50.2717208862 -13.0481491089 -3.23762392998 -137.656616211 0.0 0.0
physicsentity block 34.2811965942 11.3229560852 -3.23762583733 -19.8863506317 0.0 0.0
physicsentity block 19.7461624146 -40.472328186 -3.23762583733 70.9933166504 0.0 0.0
physicsentity pillar 8.98384284973 8.92669582367 12.937625885 -5.63546260611e-19 2.80292442767e-05 -2.74228186754e-05
spawnpoint 0.236831665039 -0.232506752014 -6.7048664093 0.0 0.0 0.0
spawnpoint 84.7706298828 -17.9495811462 -2.23495292664 180.0 0.0 0.0
spawnpoint 84.427192688 18.2739601135 -2.23495101929 180.0 0.0 0.0
spawnpoint -1.26548099518 83.2484741211 -8.9398059845 -90.0 0.0 0.0
spawnpoint -39.1616516113 65.6839599609 -6.70486831665 -90.0 0.0 0.0
spawnpoint -83.6241149902 18.2487773895 -2.23495101929 0.0 0.0 0.0
spawnpoint -85.8385772705 -19.2913379669 -2.23495101929 0.0 0.0 0.0
spawnpoint -0.872850358486 -83.7665557861 -8.93980789185 90.0 0.0 0.0
spawnpoint 33.7500991821 -68.0784988403 -6.70486831665 90.0 0.0 0.0
spawnpoint -40.3665542603 -67.6849822998 -6.65643882751 0.0 -5.84866654663e-07 -1.80101181968e-07
spawnpoint 40.4014930725 67.1063079834 -6.65644073486 0.0 5.84866654663e-07 1.80101181968e-07
