world 200.0
navmesh orbit-nav
dock 0 -64.5771026611 101.115562439 5.50231552124
dock 1 117.257286072 -30.7027549744 5.50231552124
dock 2 -63.1096763611 -84.4319152832 5.54756164551
teams 3
geometry-scenery orbit 0.0 0.0 0.0
skybox skybox1/skybox
sound ambient-cavern.ogg 0.20000000298
light all ambient AmbientLight 0.300000011921 0.300000011921 0.300000011921
light all directional Light1 0.800000011921 0.699999988079 0.600000023842 0.0 -120.0 0.0 shadow
physicsentity bone 101.627655029 3.01477432251 7.50231552124 54.97032547 5.8136924963e-07 3.47409496726e-08
physicsentity block1 -26.7039489746 2.91273498535 -2.18986058235 -2.81240653992 1.47735318023e-06 2.93898931858e-08
physicsentity block -3.00155258179 -24.7382736206 -3.13686060905 -39.1749229431 1.65612860314e-07 1.56079545377e-06
physicsentity block1 13.3367843628 10.2865982056 -2.18986439705 9.68911170959 1.32079651394e-06 5.52518122277e-06
physicsentity block1 18.8929290771 5.44256210327 -2.18986058235 44.2905540466 1.36175458465e-06 -8.11828670066e-07
physicsentity bone 12.0936603546 100.232574463 4.41146469116 2.78990786029e-08 7.54966497421 -1.51013362408
physicsentity block -3.81172943115 -24.107667923 -0.736859798431 5.64945936203 9.85939095699e-07 1.20996151054e-06
physicsentity bone -96.7195892334 -27.0741062164 4.66919326782 -51.9612731934 -1.71322500706 7.68488502502
glass 15.6250343323 10.0 -33.9821281433 22.4811668396 -1.24781036377 54.4763526917 0.0 0.0
glass 15.2764215469 10.0 7.68493843079 -39.9073143005 -1.2478094101 -169.611038208 0.0 0.0
glass 15.5787277222 10.0 23.301776886 33.959728241 -1.24780845642 -32.8989257813 0.0 0.0
glass 15.4583120346 10.0 -7.43904495239 -39.9383621216 -1.24780416489 169.968444824 0.0 0.0
glass 15.653429985 10.0 34.033996582 23.1479377747 -1.24781036377 -56.0598487854 0.0 0.0
glass 20.1932544708 10.0 60.0321998596 38.1247444153 0.723872184753 19.6458683014 0.0 0.0
glass 19.0880413055 10.0 7.06499481201 -69.6531143188 0.967458248138 -74.8148193359 0.0 0.0
glass 17.0797863007 10.0 40.5092544556 8.40326309204 -0.607192993164 -75.6861801147 0.0 0.0
glass 14.7501659393 10.0 -39.9773635864 8.89278888702 -1.24781036377 78.614906311 0.0 0.0
glass 19.2347126007 10.0 -61.4156188965 33.9932136536 0.726854801178 137.069061279 0.0 0.0
spawnpoint -72.1458740234 16.4041404724 -4.28651046753 0.0 0.0 0.0
spawnpoint 19.1220703125 -72.3465194702 -4.28352165222 90.0 0.0 0.0
spawnpoint 44.9242401123 62.4081802368 -4.28041362762 -135.0 0.0 0.0
