world 150.0
navmesh sectorx-nav
dock 0 88.8241729736 89.2093658447 19.828754425
dock 1 -90.1409606934 -90.8173217773 19.828754425
dock 2 -91.767326355 89.5592575073 19.8287525177
dock 3 90.1573867798 -91.244354248 19.828754425
teams 2 2
geometry-scenery sectorx 0.0 0.0 0.0
skybox skybox3/skybox
sound ambient-windy2.ogg 0.300000011921
light all ambient AmbientLight 0.300000011921 0.300000011921 0.300000011921
light all directional Light1 0.800000011921 0.699999988079 0.600000023842 0.0 -120.0 0.0 shadow
physicsentity block -24.4765815735 84.6813964844 2.53715443611 84.0721282959 -1.06141706055e-05 -3.05475751361e-08
physicsentity block1 61.1414337158 -44.752155304 30.8958740234 166.222366333 1.20739537124e-06 6.24957351647e-07
physicsentity block 91.4344787598 23.997253418 2.53715443611 31.504196167 0.0 0.0
physicsentity block1 27.8913803101 -87.4229507446 5.88416290283 -18.7382278442 0.0 0.0
physicsentity bone 61.9248962402 41.5564117432 32.7488708496 64.9679870605 -1.94117892534e-05 9.56893381954e-06
physicsentity block1 -87.573425293 29.2137508392 3.48415446281 -143.444244385 0.0 0.0
physicsentity bone -19.1032485962 65.4623184204 32.748878479 -23.8261356354 2.82888013317e-05 -4.56349425804e-06
physicsentity block1 -63.5714302063 18.2927780151 30.8958778381 118.392234802 -3.02059424939e-06 -2.08142737392e-05
physicsentity block1 -1.34666025639 -67.4327697754 35.1898651123 13.0764942169 -2.86265799332e-06 1.21750895232e-06
physicsentity block -90.2183990479 -20.1468238831 2.53715825081 -123.148704529 -3.76723255613e-06 3.3822679768e-08
physicsentity pillar 12.6835317612 11.0736427307 10.282875061 -1.50313595849e-22 -1.18121090509e-06 -1.9372546376e-06
physicsentity block 28.9320354462 -86.2284698486 2.53716206551 33.1454315186 0.0 0.0
physicsentity block1 92.1757202148 -26.4647941589 3.48415827751 10.7728328705 -3.85474322684e-06 -3.3822679768e-08
physicsentity bone 64.0901947021 -19.4932556152 32.7488746643 176.156051636 1.20739559861e-06 6.24957351647e-07
physicsentity block -30.4492511749 -92.9628601074 2.53716206551 -68.6423034668 0.0 0.0
physicsentity block1 88.1454315186 -33.9659423828 3.48415827751 58.9611854553 -3.85474368159e-06 -3.38227827967e-08
physicsentity block1 -2.0415725708 -66.4830856323 30.895866394 137.517318726 2.93342327495e-06 1.03545505681e-06
physicsentity block 25.5848617554 91.2306747437 2.53715062141 -14.9313659668 -1.06141706055e-05 -3.05481862029e-08
physicsentity pillar -13.6210231781 -11.4715309143 10.282875061 0.0 0.0 0.0
physicsentity block1 22.980298996 64.706413269 30.8958740234 71.3107376099 5.15310021001e-05 -2.67193627224e-06
physicsentity block -21.3431720734 -89.5081710815 2.53716206551 -103.659942627 0.0 0.0
physicsentity bone -50.7077941895 -53.5913696289 32.7488746643 13.4433698654 2.87074470862e-07 -2.06631375477e-06
physicsentity block -23.4372825623 91.6488800049 2.53715062141 48.809047699 -1.06141696961e-05 -3.05479801455e-08
physicsentity block1 55.9000205994 -41.1463050842 30.8958778381 115.949195862 2.1679306883e-06 -6.78422011902e-08
physicsentity block1 -87.5570449829 28.3905315399 7.77815246582 -95.4285049438 0.0 0.0
spawnpoint -46.2700233459 -0.131589889526 -4.96402645111 0.0 -0.000476640241686 -30.6996746063
spawnpoint 0.384923934937 46.0070037842 -4.80788421631 0.0 -30.6994686127 1.8743057808e-05
spawnpoint 46.4875526428 -0.1039160043 -5.09320259094 0.0 -5.61305159863e-06 30.6994552612
spawnpoint -0.234429836273 -46.0547676086 -4.83623313904 0.0 30.6995754242 -0.000985759892501
