world 130.0
navmesh verdict-nav
dock 0 1.9549407959 62.1064224243 -0.450000762939
dock 1 3.103515625 -61.8565673828 -0.450000762939
teams 2
geometry-scenery verdict 0.0 0.0 0.0
sound ambient-windy2.ogg 0.3
skybox skybox2/skybox
light all ambient AmbientLight 0.300000011921 0.300000011921 0.300000011921
light all directional Light1 0.800000011921 0.699999988079 0.600000023842 0.0 -120.0 0.0 shadow
light all directional Light2 0.300000011921 0.40000000596 0.5 0.0 60.0 0.0
physicsentity block1 -44.0411834717 29.0640602112 -0.303000748158 144.282363892 0.0 -8.87831141938e-09
physicsentity block/block 78.4404830933 -35.2668190002 3.55000090599 34.0624465942 0.0 0.0
physicsentity block1 -21.176153183 4.66995334625 -0.303000748158 101.344978333 -3.97569339824e-16 -8.87831141938e-09
physicsentity block1 -42.691986084 62.6580696106 -0.303000748158 -152.619949341 0.0 -8.87831141938e-09
physicsentity block1 -38.3818130493 -4.65641021729 -0.303000748158 27.4974861145 1.98784669912e-16 -8.87831230756e-09
physicsentity block1 63.7790985107 -52.6541023254 -0.303000748158 53.684173584 0.0 -8.87831230756e-09
physicsentity block1 -39.2976493835 4.37053728104 3.99099874496 -54.5830192566 0.0 0.0
physicsentity block/block 31.8443031311 53.4300079346 -1.25000071526 173.484237671 0.0 -8.87831319574e-09
physicsentity block1 -65.7748260498 -46.8132171631 -0.30299693346 2.53227519989 1.24240418695e-17 -8.87831319574e-09
physicsentity block1 -78.1868362427 33.0825920105 -0.303000748158 -121.512840271 -7.95138679647e-16 -8.87831141938e-09
physicsentity block/block 77.1409378052 -34.5731582642 -1.25000071526 -42.2527389526 -1.98784669912e-16 -8.87831230756e-09
physicsentity block1 -32.2977142334 -37.6910934448 -0.303000748158 -3.54615187645 -2.4848083739e-17 -8.87831141938e-09
physicsentity block/block 61.2927932739 -23.7598991394 -1.25000071526 -16.6114177704 0.0 -8.87831319574e-09
physicsentity block/block 37.874004364 -48.9175796509 -1.24999690056 -51.5345954895 7.95138679647e-16 -8.87831230756e-09
physicsentity block/block 27.0138244629 40.7941055298 -1.25000071526 -138.706817627 0.0 -8.87830964302e-09
physicsentity block1 9.02970123291 12.0712623596 10.6969995499 100.410217285 -3.18055471859e-15 -9.72117177866e-08
physicsentity block1 13.1837072372 -9.64507198334 10.6969995499 40.2333030701 0.0 -8.10097802173e-08
physicsentity block1 -65.5748596191 24.2628479004 -0.30299693346 7.5872387886 -9.93923349559e-17 -8.87830964302e-09
physicsentity block1 13.1429576874 -10.2678346634 14.9909992218 91.5712738037 0.0 0.0
physicsentity block1 7.69298791885 -12.6433124542 10.6969995499 19.7712421417 4.25865619036e-06 6.24786252956e-07
physicsentity block/block 39.4323730469 58.6032447815 -1.25000071526 152.773605347 -3.97569339824e-16 -8.87830875484e-09
physicsentity block1 70.5908432007 -46.5195159912 3.99099683762 32.1166534424 0.0 0.0
physicsentity block/block -8.21423721313 -41.1274604797 -1.24999690056 -49.5343742371 0.0 -8.87831141938e-09
physicsentity block1 -39.9651794434 4.63601112366 -0.303000748158 -19.010635376 9.93923349559e-17 -8.87831319574e-09
physicsentity block/block 32.5378646851 -54.8906326294 -1.25000071526 0.0 0.0 -8.87831141938e-09
physicsentity block1 -7.51012182236 43.2519111633 -0.303000748158 -153.362167358 0.0 -8.87831230756e-09
physicsentity block1 -7.47622680664 -10.9651765823 10.6970014572 33.3680076599 -1.01777750995e-13 2.30978957916e-06
physicsentity block1 1.62405002117 -7.01286220551 -0.302998840809 0.0 0.0 -8.87831141938e-09
physicsentity block1 1.54914975166 -2.60598182678 -0.303000748158 0.0 0.0 -8.87831141938e-09
physicsentity block1 70.5734481812 -46.2881317139 -0.303000748158 -1.19318842888 -6.21202093475e-18 -8.87831319574e-09
physicsentity block1 -25.9814567566 10.460694313 -0.303000748158 -34.2952575684 1.98784669912e-16 -8.8783105312e-09
physicsentity block1 -36.5424804688 -41.9374656677 -0.303000748158 -44.7393302917 1.98784669912e-16 -8.87831141938e-09
physicsentity block1 38.5206756592 -64.1992645264 -0.303000748158 23.5232105255 0.0 -8.87831141938e-09
physicsentity block1 -42.703414917 61.8613166809 3.99099874496 -178.017044067 0.0 0.0
spawnpoint -58.3925437927 -6.21894645691 -2.45000076294 0.0 0 0
spawnpoint 21.4244842529 -5.2018661499 -2.4500002861 0.0 0 0
spawnpoint 66.9574127197 52.4512329102 -2.45000076294 -135.000015259 0 0